.Random.seed <-
c(403L, 10L, -904091313L, 1898481238L, -1972192000L, -1213609917L, 
-1548522527L, 1901458256L, 1626596782L, 1089268569L, 5669227L, 
-1688033062L, -321224292L, 761539999L, 1044283381L, 569126540L, 
-1828648094L, 2045453117L, 583685047L, 438081630L, 644208024L, 
64823547L, -228877159L, 594672936L, -310359082L, -1056026543L, 
20308739L, -1897016686L, 1800134692L, -732508441L, -2094947523L, 
1863261108L, 2045741082L, 1994275685L, -1800018433L, 1942988934L, 
1772868624L, -1060206925L, 1250473297L, 975514880L, 395098078L, 
573371433L, 1014682587L, -617199382L, -1954281844L, 79821263L, 
-1381995131L, -979233220L, 1987934994L, 1234327565L, 922970951L, 
-790036178L, 1323427976L, -2122388085L, 1441551721L, -1267599560L, 
1457355238L, -529810047L, 1468494099L, -2107289918L, 928147828L, 
724767095L, -564821395L, -1494283004L, -1575278550L, -834902635L, 
-1169290705L, 1132451638L, -1703393440L, 1114983843L, 983770817L, 
1360797360L, 1987811790L, -425054919L, 392986955L, 1428259578L, 
-325053444L, 1226019903L, 1263742229L, 1735988780L, 974289666L, 
1837574109L, 591958743L, -687985218L, 257656824L, -1568439333L, 
1656192569L, 1188120456L, -1977985226L, -1454963343L, 283754403L, 
343844594L, 823529028L, -1044655865L, 289810653L, 586300884L, 
116510970L, 1896360005L, 122810527L, 1635711526L, -1400328528L, 
-504868013L, 1214709361L, 668271520L, 1693614910L, -1003607479L, 
1689353979L, 1613209290L, 444678188L, -21727185L, 1728121061L, 
-659349092L, 302672882L, -157452691L, -302234713L, -770646578L, 
1063590696L, -913100501L, -1467454647L, 1298935896L, -583588602L, 
-552718111L, -1553512333L, 349889762L, -788622252L, -482305705L, 
1467660621L, 1472830692L, -2077376310L, -832377547L, 1773192079L, 
-389613418L, -407803840L, -307375869L, -1792246495L, 1431186960L, 
-850264594L, 234320281L, -658915797L, -1591736550L, -2118631972L, 
1725768671L, 1784366005L, 1454742860L, -865641566L, -1823747331L, 
-512717833L, -1005529826L, -2068310056L, 327911739L, 887815897L, 
1558483560L, 245871510L, -2125375727L, 1674670275L, -352808750L, 
-1866689180L, -327055193L, 1632468477L, 1795555316L, -1316624166L, 
746449445L, -1738496193L, 1025082566L, -225593008L, -223884941L, 
-618581103L, 1495238080L, 120094622L, -2023595671L, -1038560869L, 
2046411946L, 1182556876L, 1895689103L, 768102341L, -1354370180L, 
-1584452654L, -1680536755L, -932865529L, 2113391086L, -1539644216L, 
-96457781L, -712032727L, 1769043064L, 2069770662L, -793832511L, 
375701587L, 1448060674L, 815354420L, 253069239L, -179800147L, 
-622943036L, 653895914L, 601632597L, 593273071L, -1974343946L, 
322335264L, 1984665571L, 1423891585L, 1397431024L, -1685163634L, 
-127181063L, 128699531L, -1224133446L, -209834052L, -1131926273L, 
-1006231467L, -572034196L, 352758722L, -1296475107L, -710804329L, 
674437630L, -1945667144L, -1039632997L, 507681785L, -1162837176L, 
743788150L, 900581297L, -611690013L, -483414350L, 2098266884L, 
1884938311L, -425351395L, 298458516L, 1613963578L, -772448891L, 
-655264161L, 330359014L, 263496560L, -1027990334L, -1302021024L, 
-995613316L, 2045190096L, -27299550L, -1502800216L, 115169164L, 
-1116339012L, 1460681522L, 1998104128L, -234101580L, -1063939000L, 
1741968826L, -165905904L, -1775715092L, -659840684L, 1305490194L, 
-1397166688L, 1578883788L, -371713440L, -1367724094L, -905284824L, 
-925206100L, 675446076L, 1100168050L, 15691056L, 773760804L, 
767206712L, -1841084710L, -1581088880L, 1406687996L, -1734796396L, 
-1316834238L, -2064182016L, 1395288124L, 895212880L, 539706530L, 
-911701176L, 853344012L, -957694244L, 1206267730L, 1881986688L, 
-1205856172L, -1826823192L, -933139718L, 1289344336L, 1266302764L, 
-1860426892L, 1810654098L, 1582322272L, 728954764L, 907106144L, 
2077230050L, 1077418920L, 2106264780L, 876345852L, 1053677490L, 
1521706480L, 1581843908L, -1911465640L, -877949574L, 1839922608L, 
-157899844L, 1714532436L, -1763897406L, -1266507744L, -943198020L, 
-574252464L, 1555515362L, -1602797976L, 1080667724L, 256413948L, 
207476722L, -762583808L, -925326476L, -700489720L, 1277186490L, 
-284222000L, 1462916076L, -1722987628L, 94133202L, 543795040L, 
2100199756L, 608874784L, 553840514L, -580991256L, -543991572L, 
1948677692L, 1004221298L, -1207667088L, 181363748L, 961703736L, 
211613850L, -1360400688L, 1183141052L, -845796716L, 1972642434L, 
-28839744L, -1710742212L, 1332820112L, 1265604130L, -268799480L, 
1741880588L, 2025390748L, 2000598546L, -1183868544L, 775576084L, 
1943805480L, 877429050L, 793586640L, 262803052L, 732799796L, 
-835984750L, 1124640096L, 1735056716L, 142832608L, -1429139550L, 
-993771608L, -1532418164L, 708151996L, -443694222L, -265090832L, 
-888810428L, 281752920L, 1195348026L, -1120595088L, -986397636L, 
2085956372L, 2020308418L, 447851744L, -1627299972L, 998450896L, 
-815564126L, -798280664L, -1065950964L, -1252762692L, -788665038L, 
1378838464L, -1670420940L, -1898777656L, 700476602L, -1140170864L, 
-522935828L, 543163476L, -1871504750L, 1656417056L, -1040758324L, 
-1393925152L, 18427586L, -1610209752L, 233242284L, 1630088892L, 
556782066L, 112701744L, -1924106076L, 419699384L, 1539598170L, 
-2100912752L, -1910297220L, -2091980524L, -1317006014L, -2140310784L, 
-55114820L, 819909456L, -1315959518L, -288982712L, 1845128204L, 
379634780L, -524147502L, -1645915136L, 1229264724L, -127485464L, 
358622202L, 1859232464L, -1358312148L, 543319284L, -1191115886L, 
-435162016L, -81450740L, 887497440L, -975180446L, -825833816L, 
255909452L, 2004394876L, 1033768754L, -863507856L, 2088968516L, 
-1436149800L, -1162161030L, 2023754288L, 498103996L, -1575749804L, 
62678594L, 1469822880L, 1144677564L, -2026692144L, 203608418L, 
-1775431704L, -1824320564L, 2111104764L, 1433691122L, 109063296L, 
-583841548L, 201506952L, -1127784134L, 7129936L, 1480818796L, 
620248212L, -1683536558L, -1112708384L, -865440564L, 770036896L, 
931067266L, 650347752L, 263693548L, -1046685636L, -1881060238L, 
1699658864L, 469684772L, -2053618120L, -1888984550L, -116552496L, 
689794620L, 199456916L, -1172929406L, -413670464L, 1722083644L, 
464516801L, -576730765L, 2076254868L, 1344411426L, 444183095L, 
-1414293759L, -155611642L, -1425460156L, -464108171L, 1193871583L, 
1732688952L, -1987093482L, -803087325L, -2081846299L, 1779514882L, 
-1568107408L, -640622055L, -1841673205L, -714125572L, -1444862166L, 
609110367L, -1630469911L, 1569699838L, 1285258220L, -1788309699L, 
1200165639L, -391853328L, 2033889934L, 137809083L, -2084550499L, 
-2058464182L, -928362904L, 50307665L, -460562109L, -1239132092L, 
1396628210L, -1630559545L, -2033459055L, -1591464426L, -1613730700L, 
-577001723L, 1097426255L, 1407833928L, -349217050L, 1316995091L, 
317167477L, -1322690734L, -1036906592L, -739214711L, 767508155L, 
-563737332L, 2061283482L, -1082341873L, 200274521L, -1204080914L, 
108653948L, -911110675L, 347843223L, -1178802848L, -1871027906L, 
1421634059L, 2073128589L, 150082490L, 1750108664L, 580998561L, 
-1245009069L, 611730036L, -1331903486L, -49068393L, -1198698399L, 
-1085764442L, 1923407012L, -148570795L, -423447041L, 956423320L, 
-259823178L, -805793213L, -287000699L, -444050398L, -1858816240L, 
-460258631L, 858224491L, -492956068L, 1191598986L, -1356409985L, 
-1062027575L, 906835806L, 1169198092L, -132559907L, -1325084953L, 
-1538412784L, 1196023342L, -2133547813L, -750130755L, -1619097814L, 
-1777082424L, -1584679695L, -244659613L, 1859497572L, 205469074L, 
-78863769L, -573179343L, -588662922L, 2034670740L, -594939227L, 
-1360584785L, -94356376L, 1157869638L, -1775471117L, 1296499029L, 
-428641486L, 660539136L, 1140552681L, 258240091L, -87437140L, 
2078357178L, 1531487343L, -245292551L, 1270215822L, 292961628L, 
1643507149L, -643223241L, 221985728L, 813085854L, -953493141L, 
-519143187L, 703420762L, 433627672L, -365191295L, 1984343347L, 
146719572L, 963392866L, 122619383L, -1192915391L, 1834339014L, 
-306930684L, 338238389L, 224408735L, 675758328L, -300394282L, 
-1999548061L, -1179673307L, 176753346L, 1776560048L, 1912404953L, 
1471133003L, 783086524L, -1370252310L, -1063273441L, -477365591L, 
